10000
0 0.08720000000000006
0 0.05930000000000002 0.07999999999999996
0.01
--------------------------------------------
0 0.45940000000000003
100 0.6953 0.476
0.01
--------------------------------------------
0 0.47040000000000004
200 0.7359 0.472
0.01
--------------------------------------------
0 0.471
300 0.7612 0.476
0.01
--------------------------------------------
0 0.48140000000000005
400 0.7763 0.48
0.01
--------------------------------------------
0 0.5014000000000001
500 0.7865 0.498
0.01
--------------------------------------------
0 0.5167999999999999
600 0.7963 0.518
0.01
--------------------------------------------
0 0.5332
700 0.8044 0.529
0.01
--------------------------------------------
0 0.5418000000000001
800 0.8093 0.544
0.01
--------------------------------------------
0 0.5492
900 0.8153 0.556
0.01
--------------------------------------------
0 0.5576
1000 0.8205 0.5640000000000001
0.01
--------------------------------------------
10000
1 0.08720000000000006
0 0.05930000000000002 0.07999999999999996
0.01
--------------------------------------------
1 0.5302
100 0.8119000000000001 0.527
0.01
--------------------------------------------
1 0.5976
200 0.8458 0.605
0.01
--------------------------------------------
1 0.6272
300 0.8613 0.636
0.01
--------------------------------------------
1 0.6477999999999999
400 0.8731 0.663
0.01
--------------------------------------------
1 0.6594
500 0.8812 0.677
0.01
--------------------------------------------
1 0.6706
600 0.8892 0.6819999999999999
0.01
--------------------------------------------
1 0.6782
700 0.8967 0.6930000000000001
0.01
--------------------------------------------
1 0.6846
800 0.9014 0.7010000000000001
0.01
--------------------------------------------
1 0.6884
900 0.9062 0.7090000000000001
0.01
--------------------------------------------
1 0.6912
1000 0.9101 0.714
0.01
--------------------------------------------
10000
2 0.08720000000000006
0 0.05930000000000002 0.07999999999999996
0.01
--------------------------------------------
2 0.5354
100 0.8133 0.532
0.01
--------------------------------------------
2 0.5992
200 0.8466 0.611
0.01
--------------------------------------------
2 0.6288
300 0.8611 0.641
0.01
--------------------------------------------
2 0.649
400 0.8734999999999999 0.6639999999999999
0.01
--------------------------------------------
2 0.6606000000000001
500 0.8813 0.6759999999999999
0.01
--------------------------------------------
2 0.6722
600 0.8891 0.6839999999999999
0.01
--------------------------------------------
2 0.679
700 0.897 0.6970000000000001
0.01
--------------------------------------------
2 0.6861999999999999
800 0.902 0.7
0.01
--------------------------------------------
2 0.6918
900 0.9064 0.712
0.01
--------------------------------------------
2 0.6978
1000 0.9099 0.7150000000000001
0.01
--------------------------------------------
10000
3 0.08720000000000006
0 0.05930000000000002 0.07999999999999996
0.01
--------------------------------------------
3 0.5892
100 0.7809 0.604
0.01
--------------------------------------------
3 0.718
200 0.8968 0.761
0.01
--------------------------------------------
3 0.6488
300 0.8351999999999999 0.6639999999999999
0.01
--------------------------------------------
3 0.41579999999999995
400 0.726 0.41500000000000004
0.01
--------------------------------------------
3 0.6796
500 0.9599 0.714
0.01
--------------------------------------------
3 0.5906
600 0.9259 0.599
0.01
--------------------------------------------
3 0.6608
700 0.9687 0.671
0.01
--------------------------------------------
3 0.5508
800 0.967 0.5680000000000001
0.01
--------------------------------------------
3 0.6414
900 0.9872 0.6699999999999999
0.01
--------------------------------------------
3 0.6456
1000 0.9806 0.638
0.01
--------------------------------------------
10000
4 0.08720000000000006
0 0.05930000000000002 0.07999999999999996
0.01
--------------------------------------------
4 0.6632
100 0.9388 0.661
0.01
--------------------------------------------
4 0.679
200 0.9777 0.685
0.01
--------------------------------------------
4 0.681
300 0.9936 0.6890000000000001
0.01
--------------------------------------------
4 0.6616
400 0.998 0.6759999999999999
0.01
--------------------------------------------
4 0.642
500 0.9993 0.656
0.01
--------------------------------------------
4 0.632
600 0.9999 0.638
0.01
--------------------------------------------
4 0.6312
700 1.0 0.639
0.01
--------------------------------------------
4 0.628
800 1.0 0.632
0.01
--------------------------------------------
4 0.6224000000000001
900 1.0 0.62
0.01
--------------------------------------------
4 0.6115999999999999
1000 1.0 0.621
0.01
--------------------------------------------