10000
0 0.10540000000000005
0 0.07199999999999995 0.10899999999999999
0.1
--------------------------------------------
0 0.5662
100 0.8189 0.5800000000000001
0.1
--------------------------------------------
0 0.6073999999999999
200 0.8481 0.618
0.1
--------------------------------------------
0 0.6278
300 0.8637 0.637
0.1
--------------------------------------------
0 0.6416
400 0.8752 0.647
0.1
--------------------------------------------
0 0.65
500 0.8828 0.6619999999999999
0.1
--------------------------------------------
0 0.6528
600 0.8877 0.6739999999999999
0.1
--------------------------------------------
0 0.6572
700 0.8952 0.673
0.1
--------------------------------------------
0 0.6579999999999999
800 0.9023 0.679
0.1
--------------------------------------------
0 0.659
900 0.9077999999999999 0.6819999999999999
0.1
--------------------------------------------
0 0.6606000000000001
1000 0.9108 0.6799999999999999
0.1
--------------------------------------------
10000
1 0.10540000000000005
0 0.07199999999999995 0.10899999999999999
0.1
--------------------------------------------
1 0.6053999999999999
100 0.9069 0.633
0.1
--------------------------------------------
1 0.6012
200 0.9402 0.63
0.1
--------------------------------------------
1 0.6155999999999999
300 0.9617 0.635
0.1
--------------------------------------------
1 0.6086
400 0.9736 0.629
0.1
--------------------------------------------
1 0.5982000000000001
500 0.9818 0.621
0.1
--------------------------------------------
1 0.5893999999999999
600 0.9864 0.616
0.1
--------------------------------------------
1 0.5876
700 0.9895 0.619
0.1
--------------------------------------------
1 0.5926
800 0.9923 0.617
0.1
--------------------------------------------
1 0.5948
900 0.9948 0.619
0.1
--------------------------------------------
1 0.5913999999999999
1000 0.9957 0.62
0.1
--------------------------------------------
10000
2 0.10540000000000005
0 0.07199999999999995 0.10899999999999999
0.1
--------------------------------------------
2 0.6208
100 0.9073 0.638
0.1
--------------------------------------------
2 0.6386000000000001
200 0.9388 0.654
0.1
--------------------------------------------
2 0.6522
300 0.9608 0.6699999999999999
0.1
--------------------------------------------
2 0.6504
400 0.9726 0.673
0.1
--------------------------------------------
2 0.6588
500 0.9824 0.687
0.1
--------------------------------------------
2 0.652
600 0.9863 0.6719999999999999
0.1
--------------------------------------------
2 0.6524
700 0.9898 0.6719999999999999
0.1
--------------------------------------------
2 0.6517999999999999
800 0.9924 0.6759999999999999
0.1
--------------------------------------------
2 0.6504
900 0.9941 0.673
0.1
--------------------------------------------
2 0.6476
1000 0.9957 0.6719999999999999
0.1
--------------------------------------------
10000
3 0.10540000000000005
0 0.07199999999999995 0.10899999999999999
0.1
--------------------------------------------
3 0.09999999999999998
100 0.12160000000000004 0.09999999999999998
0.1
--------------------------------------------
3 0.09999999999999998
200 0.10799999999999998 0.09999999999999998
0.1
--------------------------------------------
3 0.09999999999999998
300 0.09999999999999998 0.09999999999999998
0.1
--------------------------------------------
3 0.09999999999999998
400 0.09999999999999998 0.09999999999999998
0.1
--------------------------------------------
3 0.09999999999999998
500 0.09999999999999998 0.09999999999999998
0.1
--------------------------------------------
3 0.09999999999999998
600 0.09999999999999998 0.09999999999999998
0.1
--------------------------------------------
3 0.09999999999999998
700 0.09999999999999998 0.09999999999999998
0.1
--------------------------------------------
3 0.09999999999999998
800 0.09999999999999998 0.09999999999999998
0.1
--------------------------------------------
3 0.09999999999999998
900 0.09999999999999998 0.09999999999999998
0.1
--------------------------------------------
3 0.09999999999999998
1000 0.09999999999999998 0.09999999999999998
0.1
--------------------------------------------
10000
4 0.10540000000000005
0 0.07199999999999995 0.10899999999999999
0.1
--------------------------------------------
4 0.09999999999999998
100 0.1008 0.09999999999999998
0.1
--------------------------------------------
4 0.09999999999999998
200 0.10099999999999998 0.09999999999999998
0.1
--------------------------------------------
4 0.09999999999999998
300 0.1018 0.09999999999999998
0.1
--------------------------------------------
4 0.09999999999999998
400 0.10199999999999998 0.09999999999999998
0.1
--------------------------------------------
4 0.09999999999999998
500 0.10260000000000002 0.09999999999999998
0.1
--------------------------------------------
4 0.09999999999999998
600 0.10009999999999997 0.09999999999999998
0.1
--------------------------------------------
4 0.09999999999999998
700 0.10009999999999997 0.09999999999999998
0.1
--------------------------------------------
4 0.09999999999999998
800 0.10009999999999997 0.09999999999999998
0.1
--------------------------------------------
4 0.09999999999999998
900 0.10009999999999997 0.09999999999999998
0.1
--------------------------------------------
4 0.09999999999999998
1000 0.10009999999999997 0.09999999999999998
0.1
--------------------------------------------

0 0.6608
1007.26380610466
1 0.5913999999999999
1001.8623914718628
2 0.6496
1377.85742020607
3 0.09999999999999998
1011.5937025547028
4 0.09999999999999998
1001.6922490596771