10000
0 0.06599999999999995
0 0.1261 0.06899999999999995
0.01
--------------------------------------------
0 0.378
100 0.4114 0.389
0.01
--------------------------------------------
0 0.47919999999999996
200 0.5668 0.483
0.01
--------------------------------------------
0 0.5489999999999999
300 0.6525000000000001 0.5549999999999999
0.01
--------------------------------------------
0 0.5232
400 0.722 0.54
0.01
--------------------------------------------
0 0.48740000000000006
500 0.7444 0.487
0.01
--------------------------------------------
0 0.4598
600 0.759 0.45399999999999996
0.01
--------------------------------------------
0 0.4548
700 0.7696000000000001 0.44899999999999995
0.01
--------------------------------------------
0 0.45620000000000005
800 0.7772 0.45199999999999996
0.01
--------------------------------------------
0 0.4628
900 0.7843 0.45699999999999996
0.01
--------------------------------------------
0 0.46740000000000004
1000 0.7918000000000001 0.469
0.01
--------------------------------------------
10000
1 0.06599999999999995
0 0.1261 0.06899999999999995
0.01
--------------------------------------------
1 0.4646
100 0.7622 0.46499999999999997
0.01
--------------------------------------------
1 0.5556
200 0.815 0.5529999999999999
0.01
--------------------------------------------
1 0.6102000000000001
300 0.839 0.607
0.01
--------------------------------------------
1 0.6298
400 0.8507 0.618
0.01
--------------------------------------------
1 0.6406000000000001
500 0.861 0.63
0.01
--------------------------------------------
1 0.6474
600 0.871 0.632
0.01
--------------------------------------------
1 0.6512
700 0.877 0.645
0.01
--------------------------------------------
1 0.6554
800 0.8812 0.65
0.01
--------------------------------------------
1 0.6582
900 0.8866 0.655
0.01
--------------------------------------------
1 0.6617999999999999
1000 0.8905 0.6599999999999999
0.01
--------------------------------------------
10000
2 0.06599999999999995
0 0.1261 0.06899999999999995
0.01
--------------------------------------------
2 0.4668
100 0.7661 0.46599999999999997
0.01
--------------------------------------------
2 0.5528
200 0.8172 0.542
0.01
--------------------------------------------
2 0.6058
300 0.8408 0.597
0.01
--------------------------------------------
2 0.6254
400 0.8533999999999999 0.623
0.01
--------------------------------------------
2 0.6368
500 0.8645 0.629
0.01
--------------------------------------------
2 0.6432
600 0.873 0.639
0.01
--------------------------------------------
2 0.6452
700 0.8807 0.644
0.01
--------------------------------------------
2 0.6508
800 0.8863 0.648
0.01
--------------------------------------------
2 0.6548
900 0.8901 0.653
0.01
--------------------------------------------
2 0.6564
1000 0.8939 0.6619999999999999
0.01
--------------------------------------------
10000
3 0.06599999999999995
0 0.1261 0.06899999999999995
0.01
--------------------------------------------
3 0.49
100 0.7898000000000001 0.46799999999999997
0.01
--------------------------------------------
3 0.5611999999999999
200 0.8119000000000001 0.577
0.01
--------------------------------------------
3 0.6674
300 0.8908 0.679
0.01
--------------------------------------------
3 0.6596
400 0.9339999999999999 0.667
0.01
--------------------------------------------
3 0.6826
500 0.9385 0.704
0.01
--------------------------------------------
3 0.6036
600 0.8658 0.62
0.01
--------------------------------------------
3 0.665
700 0.9157 0.6779999999999999
0.01
--------------------------------------------
3 0.7312000000000001
800 0.982 0.75
0.01
--------------------------------------------
3 0.724
900 0.984 0.757
0.01
--------------------------------------------
3 0.6834
1000 0.9886 0.7050000000000001
0.01
--------------------------------------------
10000
4 0.06599999999999995
0 0.1261 0.06899999999999995
0.01
--------------------------------------------
4 0.6528
100 0.9272 0.6759999999999999
0.01
--------------------------------------------
4 0.6592
200 0.9756 0.6739999999999999
0.01
--------------------------------------------
4 0.6588
300 0.9903 0.6759999999999999
0.01
--------------------------------------------
4 0.6619999999999999
400 0.9966 0.688
0.01
--------------------------------------------
4 0.6522
500 0.9992 0.6759999999999999
0.01
--------------------------------------------
4 0.5144
600 0.9327 0.522
0.01
--------------------------------------------
4 0.5058
700 0.9943 0.523
0.01
--------------------------------------------
4 0.5146
800 0.9981 0.521
0.01
--------------------------------------------
4 0.525
900 0.999 0.534
0.01
--------------------------------------------
4 0.5312
1000 0.9993 0.548
0.01
--------------------------------------------